No files changed, compilation skipped

╭------------------------------------------------------------------------------------------------------------------+------------------+-------------------+--------------------+---------------------╮
| Contract                                                                                                         | Runtime Size (B) | Initcode Size (B) | Runtime Margin (B) | Initcode Margin (B) |
+====================================================================================================================================================================================================+
| Address                                                                                                          | 44               | 94                | 24,532             | 49,058              |
|------------------------------------------------------------------------------------------------------------------+------------------+-------------------+--------------------+---------------------|
| Arrays                                                                                                           | 44               | 94                | 24,532             | 49,058              |
|------------------------------------------------------------------------------------------------------------------+------------------+-------------------+--------------------+---------------------|
| AuthorityUtils                                                                                                   | 44               | 94                | 24,532             | 49,058              |
|------------------------------------------------------------------------------------------------------------------+------------------+-------------------+--------------------+---------------------|
| BLS12381                                                                                                         | 44               | 94                | 24,532             | 49,058              |
|------------------------------------------------------------------------------------------------------------------+------------------+-------------------+--------------------+---------------------|
| BLS12381Harness                                                                                                  | 2,116            | 2,144             | 22,460             | 47,008              |
|------------------------------------------------------------------------------------------------------------------+------------------+-------------------+--------------------+---------------------|
| BN254                                                                                                            | 44               | 94                | 24,532             | 49,058              |
|------------------------------------------------------------------------------------------------------------------+------------------+-------------------+--------------------+---------------------|
| BN254G2                                                                                                          | 44               | 94                | 24,532             | 49,058              |
|------------------------------------------------------------------------------------------------------------------+------------------+-------------------+--------------------+---------------------|
| BaseRewardsLogic                                                                                                 | 1,606            | 1,658             | 22,970             | 47,494              |
|------------------------------------------------------------------------------------------------------------------+------------------+-------------------+--------------------+---------------------|
| BaseSlashingLogic                                                                                                | 4,387            | 4,439             | 20,189             | 44,713              |
|------------------------------------------------------------------------------------------------------------------+------------------+-------------------+--------------------+---------------------|
| Bytes                                                                                                            | 44               | 94                | 24,532             | 49,058              |
|------------------------------------------------------------------------------------------------------------------+------------------+-------------------+--------------------+---------------------|
| ChainlinkPriceFeed                                                                                               | 6,094            | 6,146             | 18,482             | 43,006              |
|------------------------------------------------------------------------------------------------------------------+------------------+-------------------+--------------------+---------------------|
| Checkpoints (lib/core/src/contracts/libraries/Checkpoints.sol)                                                   | 44               | 94                | 24,532             | 49,058              |
|------------------------------------------------------------------------------------------------------------------+------------------+-------------------+--------------------+---------------------|
| Checkpoints (lib/openzeppelin-contracts/contracts/utils/structs/Checkpoints.sol)                                 | 44               | 94                | 24,532             | 49,058              |
|------------------------------------------------------------------------------------------------------------------+------------------+-------------------+--------------------+---------------------|
| Checkpoints (src/libraries/structs/Checkpoints.sol)                                                              | 44               | 94                | 24,532             | 49,058              |
|------------------------------------------------------------------------------------------------------------------+------------------+-------------------+--------------------+---------------------|
| Comparators                                                                                                      | 44               | 94                | 24,532             | 49,058              |
|------------------------------------------------------------------------------------------------------------------+------------------+-------------------+--------------------+---------------------|
| Create2                                                                                                          | 44               | 94                | 24,532             | 49,058              |
|------------------------------------------------------------------------------------------------------------------+------------------+-------------------+--------------------+---------------------|
| CreateXWrapper                                                                                                   | 2,764            | 2,792             | 21,812             | 46,360              |
|------------------------------------------------------------------------------------------------------------------+------------------+-------------------+--------------------+---------------------|
| ECDSA                                                                                                            | 44               | 94                | 24,532             | 49,058              |
|------------------------------------------------------------------------------------------------------------------+------------------+-------------------+--------------------+---------------------|
| ERC1967Proxy                                                                                                     | 122              | 934               | 24,454             | 48,218              |
|------------------------------------------------------------------------------------------------------------------+------------------+-------------------+--------------------+---------------------|
| ERC1967Utils                                                                                                     | 44               | 94                | 24,532             | 49,058              |
|------------------------------------------------------------------------------------------------------------------+------------------+-------------------+--------------------+---------------------|
| ERC4626Math                                                                                                      | 44               | 94                | 24,532             | 49,058              |
|------------------------------------------------------------------------------------------------------------------+------------------+-------------------+--------------------+---------------------|
| EnumerableSet                                                                                                    | 44               | 94                | 24,532             | 49,058              |
|------------------------------------------------------------------------------------------------------------------+------------------+-------------------+--------------------+---------------------|
| Errors                                                                                                           | 44               | 94                | 24,532             | 49,058              |
|------------------------------------------------------------------------------------------------------------------+------------------+-------------------+--------------------+---------------------|
| ExtraDataStorageHelper                                                                                           | 123              | 173               | 24,453             | 48,979              |
|------------------------------------------------------------------------------------------------------------------+------------------+-------------------+--------------------+---------------------|
| FeeOnTransferToken                                                                                               | 1,785            | 3,197             | 22,791             | 45,955              |
|------------------------------------------------------------------------------------------------------------------+------------------+-------------------+--------------------+---------------------|
| InputNormalizer                                                                                                  | 44               | 94                | 24,532             | 49,058              |
|------------------------------------------------------------------------------------------------------------------+------------------+-------------------+--------------------+---------------------|
| KeyBlsBls12381                                                                                                   | 44               | 94                | 24,532             | 49,058              |
|------------------------------------------------------------------------------------------------------------------+------------------+-------------------+--------------------+---------------------|
| KeyBlsBls12381Mock                                                                                               | 3,897            | 3,925             | 20,679             | 45,227              |
|------------------------------------------------------------------------------------------------------------------+------------------+-------------------+--------------------+---------------------|
| KeyBlsBn254                                                                                                      | 44               | 94                | 24,532             | 49,058              |
|------------------------------------------------------------------------------------------------------------------+------------------+-------------------+--------------------+---------------------|
| KeyBlsBn254Mock                                                                                                  | 2,659            | 2,687             | 21,917             | 46,465              |
|------------------------------------------------------------------------------------------------------------------+------------------+-------------------+--------------------+---------------------|
| KeyEcdsaSecp256k1                                                                                                | 44               | 94                | 24,532             | 49,058              |
|------------------------------------------------------------------------------------------------------------------+------------------+-------------------+--------------------+---------------------|
| KeyEcdsaSecp256k1Mock                                                                                            | 1,362            | 1,390             | 23,214             | 47,762              |
|------------------------------------------------------------------------------------------------------------------+------------------+-------------------+--------------------+---------------------|
| KeyRegistry                                                                                                      | 21,204           | 21,232            | 3,372              | 27,920              |
|------------------------------------------------------------------------------------------------------------------+------------------+-------------------+--------------------+---------------------|
| KeyRegistryWithKey64                                                                                             | 21,628           | 21,656            | 2,948              | 27,496              |
|------------------------------------------------------------------------------------------------------------------+------------------+-------------------+--------------------+---------------------|
| KeyTags                                                                                                          | 44               | 94                | 24,532             | 49,058              |
|------------------------------------------------------------------------------------------------------------------+------------------+-------------------+--------------------+---------------------|
| Logs                                                                                                             | 4,290            | 4,342             | 20,286             | 44,810              |
|------------------------------------------------------------------------------------------------------------------+------------------+-------------------+--------------------+---------------------|
| Math                                                                                                             | 44               | 94                | 24,532             | 49,058              |
|------------------------------------------------------------------------------------------------------------------+------------------+-------------------+--------------------+---------------------|
| MessageHashUtils                                                                                                 | 44               | 94                | 24,532             | 49,058              |
|------------------------------------------------------------------------------------------------------------------+------------------+-------------------+--------------------+---------------------|
| MockAuthority                                                                                                    | 258              | 392               | 24,318             | 48,760              |
|------------------------------------------------------------------------------------------------------------------+------------------+-------------------+--------------------+---------------------|
| MockToken (test/modules/voting-power/common/voting-power-calc/NormalizedTokenDecimalsVPCalc.t.sol)               | 1,757            | 2,881             | 22,819             | 46,271              |
|------------------------------------------------------------------------------------------------------------------+------------------+-------------------+--------------------+---------------------|
| MockToken (test/modules/voting-power/common/voting-power-calc/VotingPowerCalcsComposition.t.sol)                 | 1,757            | 2,881             | 22,819             | 46,271              |
|------------------------------------------------------------------------------------------------------------------+------------------+-------------------+--------------------+---------------------|
| MockToken (test/modules/voting-power/common/voting-power-calc/WeightedTokensVPCalc.t.sol)                        | 1,757            | 2,881             | 22,819             | 46,271              |
|------------------------------------------------------------------------------------------------------------------+------------------+-------------------+--------------------+---------------------|
| MockToken (test/modules/voting-power/common/voting-power-calc/WeightedVaultsVPCalc.t.sol)                        | 1,757            | 2,881             | 22,819             | 46,271              |
|------------------------------------------------------------------------------------------------------------------+------------------+-------------------+--------------------+---------------------|
| MultiCalcMock                                                                                                    | 6,324            | 6,352             | 18,252             | 42,800              |
|------------------------------------------------------------------------------------------------------------------+------------------+-------------------+--------------------+---------------------|
| MyKeyRegistry                                                                                                    | 21,473           | 21,501            | 3,103              | 27,651              |
|------------------------------------------------------------------------------------------------------------------+------------------+-------------------+--------------------+---------------------|
| MySettlement                                                                                                     | 12,906           | 12,934            | 11,670             | 36,218              |
|------------------------------------------------------------------------------------------------------------------+------------------+-------------------+--------------------+---------------------|
| MyValSetDriver                                                                                                   | 19,147           | 19,175            | 5,429              | 29,977              |
|------------------------------------------------------------------------------------------------------------------+------------------+-------------------+--------------------+---------------------|
| MyVotingPowerProvider                                                                                            | 12,963           | 13,131            | 11,613             | 36,021              |
|------------------------------------------------------------------------------------------------------------------+------------------+-------------------+--------------------+---------------------|
| Network                                                                                                          | 12,358           | 12,550            | 12,218             | 36,602              |
|------------------------------------------------------------------------------------------------------------------+------------------+-------------------+--------------------+---------------------|
| OpNetVaultAutoDeployLogic                                                                                        | 5,693            | 5,745             | 18,883             | 43,407              |
|------------------------------------------------------------------------------------------------------------------+------------------+-------------------+--------------------+---------------------|
| Panic                                                                                                            | 44               | 94                | 24,532             | 49,058              |
|------------------------------------------------------------------------------------------------------------------+------------------+-------------------+--------------------+---------------------|
| PersistentSet                                                                                                    | 44               | 94                | 24,532             | 49,058              |
|------------------------------------------------------------------------------------------------------------------+------------------+-------------------+--------------------+---------------------|
| ProxyAdmin                                                                                                       | 977              | 1,213             | 23,599             | 47,939              |
|------------------------------------------------------------------------------------------------------------------+------------------+-------------------+--------------------+---------------------|
| RewarderMock                                                                                                     | 730              | 758               | 23,846             | 48,394              |
|------------------------------------------------------------------------------------------------------------------+------------------+-------------------+--------------------+---------------------|
| SafeCast                                                                                                         | 44               | 94                | 24,532             | 49,058              |
|------------------------------------------------------------------------------------------------------------------+------------------+-------------------+--------------------+---------------------|
| SafeERC20                                                                                                        | 44               | 94                | 24,532             | 49,058              |
|------------------------------------------------------------------------------------------------------------------+------------------+-------------------+--------------------+---------------------|
| Scaler                                                                                                           | 44               | 94                | 24,532             | 49,058              |
|------------------------------------------------------------------------------------------------------------------+------------------+-------------------+--------------------+---------------------|
| SigBlsBls12381                                                                                                   | 44               | 94                | 24,532             | 49,058              |
|------------------------------------------------------------------------------------------------------------------+------------------+-------------------+--------------------+---------------------|
| SigBlsBn254                                                                                                      | 44               | 94                | 24,532             | 49,058              |
|------------------------------------------------------------------------------------------------------------------+------------------+-------------------+--------------------+---------------------|
| SigEcdsaSecp256k1                                                                                                | 44               | 94                | 24,532             | 49,058              |
|------------------------------------------------------------------------------------------------------------------+------------------+-------------------+--------------------+---------------------|
| SigVerifierBlsBn254Simple                                                                                        | 4,946            | 4,974             | 19,630             | 44,178              |
|------------------------------------------------------------------------------------------------------------------+------------------+-------------------+--------------------+---------------------|
| SigVerifierBlsBn254ZK                                                                                            | 2,694            | 3,774             | 21,882             | 45,378              |
|------------------------------------------------------------------------------------------------------------------+------------------+-------------------+--------------------+---------------------|
| SigVerifierFalseMock                                                                                             | 586              | 614               | 23,990             | 48,538              |
|------------------------------------------------------------------------------------------------------------------+------------------+-------------------+--------------------+---------------------|
| SigVerifierMock                                                                                                  | 587              | 615               | 23,989             | 48,537              |
|------------------------------------------------------------------------------------------------------------------+------------------+-------------------+--------------------+---------------------|
| SignatureChecker                                                                                                 | 44               | 94                | 24,532             | 49,058              |
|------------------------------------------------------------------------------------------------------------------+------------------+-------------------+--------------------+---------------------|
| SignedMath                                                                                                       | 44               | 94                | 24,532             | 49,058              |
|------------------------------------------------------------------------------------------------------------------+------------------+-------------------+--------------------+---------------------|
| Simulation                                                                                                       | 44               | 94                | 24,532             | 49,058              |
|------------------------------------------------------------------------------------------------------------------+------------------+-------------------+--------------------+---------------------|
| SlasherMock                                                                                                      | 1,264            | 1,292             | 23,312             | 47,860              |
|------------------------------------------------------------------------------------------------------------------+------------------+-------------------+--------------------+---------------------|
| SlotDerivation                                                                                                   | 44               | 94                | 24,532             | 49,058              |
|------------------------------------------------------------------------------------------------------------------+------------------+-------------------+--------------------+---------------------|
| StorageSlot                                                                                                      | 44               | 94                | 24,532             | 49,058              |
|------------------------------------------------------------------------------------------------------------------+------------------+-------------------+--------------------+---------------------|
| Strings                                                                                                          | 44               | 94                | 24,532             | 49,058              |
|------------------------------------------------------------------------------------------------------------------+------------------+-------------------+--------------------+---------------------|
| Subnetwork                                                                                                       | 44               | 94                | 24,532             | 49,058              |
|------------------------------------------------------------------------------------------------------------------+------------------+-------------------+--------------------+---------------------|
| SymbioticCoreBytecode                                                                                            | 44               | 94                | 24,532             | 49,058              |
|------------------------------------------------------------------------------------------------------------------+------------------+-------------------+--------------------+---------------------|
| SymbioticCoreConstants                                                                                           | 44               | 94                | 24,532             | 49,058              |
|------------------------------------------------------------------------------------------------------------------+------------------+-------------------+--------------------+---------------------|
| SymbioticUtils                                                                                                   | 80               | 109               | 24,496             | 49,043              |
|------------------------------------------------------------------------------------------------------------------+------------------+-------------------+--------------------+---------------------|
| TestEpochManager                                                                                                 | 4,335            | 4,363             | 20,241             | 44,789              |
|------------------------------------------------------------------------------------------------------------------+------------------+-------------------+--------------------+---------------------|
| TestKeyRegistry                                                                                                  | 22,176           | 22,204            | 2,400              | 26,948              |
|------------------------------------------------------------------------------------------------------------------+------------------+-------------------+--------------------+---------------------|
| TestMultiToken                                                                                                   | 12,236           | 12,404            | 12,340             | 36,748              |
|------------------------------------------------------------------------------------------------------------------+------------------+-------------------+--------------------+---------------------|
| TestNetworkManager                                                                                               | 1,356            | 1,384             | 23,220             | 47,768              |
|------------------------------------------------------------------------------------------------------------------+------------------+-------------------+--------------------+---------------------|
| TestNoPermissionManager                                                                                          | 336              | 364               | 24,240             | 48,788              |
|------------------------------------------------------------------------------------------------------------------+------------------+-------------------+--------------------+---------------------|
| TestOpNetVaultAutoDeploy                                                                                         | 14,906           | 15,114            | 9,670              | 34,038              |
|------------------------------------------------------------------------------------------------------------------+------------------+-------------------+--------------------+---------------------|
| TestOperatorVaults                                                                                               | 12,923           | 13,225            | 11,653             | 35,927              |
|------------------------------------------------------------------------------------------------------------------+------------------+-------------------+--------------------+---------------------|
| TestOperatorsBlacklist                                                                                           | 13,160           | 13,328            | 11,416             | 35,824              |
|------------------------------------------------------------------------------------------------------------------+------------------+-------------------+--------------------+---------------------|
| TestOperatorsJail                                                                                                | 13,398           | 13,566            | 11,178             | 35,586              |
|------------------------------------------------------------------------------------------------------------------+------------------+-------------------+--------------------+---------------------|
| TestOperatorsWhitelist                                                                                           | 13,632           | 13,800            | 10,944             | 35,352              |
|------------------------------------------------------------------------------------------------------------------+------------------+-------------------+--------------------+---------------------|
| TestOzAccessControl                                                                                              | 1,754            | 1,782             | 22,822             | 47,370              |
|------------------------------------------------------------------------------------------------------------------+------------------+-------------------+--------------------+---------------------|
| TestOzAccessManaged                                                                                              | 1,607            | 1,635             | 22,969             | 47,517              |
|------------------------------------------------------------------------------------------------------------------+------------------+-------------------+--------------------+---------------------|
| TestOzEIP712                                                                                                     | 2,570            | 2,598             | 22,006             | 46,554              |
|------------------------------------------------------------------------------------------------------------------+------------------+-------------------+--------------------+---------------------|
| TestOzOwnable                                                                                                    | 971              | 999               | 23,605             | 48,153              |
|------------------------------------------------------------------------------------------------------------------+------------------+-------------------+--------------------+---------------------|
| TestPermissionManager                                                                                            | 575              | 603               | 24,001             | 48,549              |
|------------------------------------------------------------------------------------------------------------------+------------------+-------------------+--------------------+---------------------|
| TestSettlement                                                                                                   | 11,706           | 11,734            | 12,870             | 37,418              |
|------------------------------------------------------------------------------------------------------------------+------------------+-------------------+--------------------+---------------------|
| TestSharedVaults                                                                                                 | 12,339           | 12,507            | 12,237             | 36,645              |
|------------------------------------------------------------------------------------------------------------------+------------------+-------------------+--------------------+---------------------|
| TestValSetDriver                                                                                                 | 16,911           | 16,939            | 7,665              | 32,213              |
|------------------------------------------------------------------------------------------------------------------+------------------+-------------------+--------------------+---------------------|
| TestVotingPowerCalcManager                                                                                       | 911              | 939               | 23,665             | 48,213              |
|------------------------------------------------------------------------------------------------------------------+------------------+-------------------+--------------------+---------------------|
| TestVotingPowerProvider (test/modules/voting-power/VotingPowerProvider.t.sol)                                    | 14,826           | 14,994            | 9,750              | 34,158              |
|------------------------------------------------------------------------------------------------------------------+------------------+-------------------+--------------------+---------------------|
| TestVotingPowerProvider (test/modules/voting-power/common/voting-power-calc/NormalizedTokenDecimalsVPCalc.t.sol) | 15,530           | 15,698            | 9,046              | 33,454              |
|------------------------------------------------------------------------------------------------------------------+------------------+-------------------+--------------------+---------------------|
| TestVotingPowerProvider (test/modules/voting-power/common/voting-power-calc/PricedTokensChainlinkVPCalc.t.sol)   | 19,213           | 19,381            | 5,363              | 29,771              |
|------------------------------------------------------------------------------------------------------------------+------------------+-------------------+--------------------+---------------------|
| TestVotingPowerProvider (test/modules/voting-power/common/voting-power-calc/WeightedTokensVPCalc.t.sol)          | 17,472           | 17,640            | 7,104              | 31,512              |
|------------------------------------------------------------------------------------------------------------------+------------------+-------------------+--------------------+---------------------|
| TestVotingPowerProvider (test/modules/voting-power/common/voting-power-calc/WeightedVaultsVPCalc.t.sol)          | 16,803           | 16,971            | 7,773              | 32,181              |
|------------------------------------------------------------------------------------------------------------------+------------------+-------------------+--------------------+---------------------|
| TimelockControllerUpgradeable                                                                                    | 7,690            | 7,718             | 16,886             | 41,434              |
|------------------------------------------------------------------------------------------------------------------+------------------+-------------------+--------------------+---------------------|
| Token                                                                                                            | 1,723            | 3,065             | 22,853             | 46,087              |
|------------------------------------------------------------------------------------------------------------------+------------------+-------------------+--------------------+---------------------|
| TransparentUpgradeableProxy                                                                                      | 1,073            | 3,445             | 23,503             | 45,707              |
|------------------------------------------------------------------------------------------------------------------+------------------+-------------------+--------------------+---------------------|
| ValSetVerifier                                                                                                   | 44               | 94                | 24,532             | 49,058              |
|------------------------------------------------------------------------------------------------------------------+------------------+-------------------+--------------------+---------------------|
| ValSetVerifierContract                                                                                           | 2,804            | 2,832             | 21,772             | 46,320              |
|------------------------------------------------------------------------------------------------------------------+------------------+-------------------+--------------------+---------------------|
| ValSetVerifierMock                                                                                               | 1,170            | 1,198             | 23,406             | 47,954              |
|------------------------------------------------------------------------------------------------------------------+------------------+-------------------+--------------------+---------------------|
| Verifier (test/data/zk/Verifier_10.sol)                                                                          | 6,391            | 6,419             | 18,185             | 42,733              |
|------------------------------------------------------------------------------------------------------------------+------------------+-------------------+--------------------+---------------------|
| Verifier (test/data/zk/Verifier_100.sol)                                                                         | 6,393            | 6,421             | 18,183             | 42,731              |
|------------------------------------------------------------------------------------------------------------------+------------------+-------------------+--------------------+---------------------|
| Verifier (test/data/zk/Verifier_1000.sol)                                                                        | 6,391            | 6,419             | 18,185             | 42,733              |
|------------------------------------------------------------------------------------------------------------------+------------------+-------------------+--------------------+---------------------|
| VotingPowerProviderFull                                                                                          | 24,293           | 24,501            | 283                | 24,651              |
|------------------------------------------------------------------------------------------------------------------+------------------+-------------------+--------------------+---------------------|
| VotingPowerProviderLogic                                                                                         | 15,628           | 15,680            | 8,948              | 33,472              |
|------------------------------------------------------------------------------------------------------------------+------------------+-------------------+--------------------+---------------------|
| VotingPowerProviderSemiFull                                                                                      | 16,899           | 17,067            | 7,677              | 32,085              |
|------------------------------------------------------------------------------------------------------------------+------------------+-------------------+--------------------+---------------------|
| VotingPowerProviderSharedVaults                                                                                  | 12,826           | 12,994            | 11,750             | 36,158              |
╰------------------------------------------------------------------------------------------------------------------+------------------+-------------------+--------------------+---------------------╯

